"",46.800
0.0000,0.0000E+000
1.0000,4.8711E+000
2.0000,2.2991E+001
3.0000,2.7738E+001
4.0000,5.5313E+000
5.0000,-2.8799E-001
6.0000,2.6633E+001
7.0000,3.2130E+001
8.0000,-9.6497E+000
9.0000,-1.9759E+001
10.0000,-5.7167E+000
11.0000,3.4969E+000
12.0000,-2.0664E+001
13.0000,1.6042E+000
14.0000,-7.0610E+000
15.0000,-2.5874E+001
16.0000,-5.4613E-001
17.0000,2.6183E+001
18.0000,-5.8117E+000
19.0000,-3.3562E+001
20.0000,-2.4627E+001
21.0000,-1.5750E+001
22.0000,-2.6569E+001
23.0000,-2.4811E+001
24.0000,-4.4960E+000
25.0000,1.7178E+001
26.0000,1.9509E-001
27.0000,-6.5147E+000
28.0000,2.1159E+001
29.0000,3.4424E+000
30.0000,9.6413E+000
31.0000,3.9432E+000
32.0000,-4.5090E+000
33.0000,8.7980E+000
34.0000,4.2613E+001
35.0000,-4.7766E+001
36.0000,1.7236E+001
37.0000,-1.2177E+001
38.0000,1.3075E+001
39.0000,6.7010E+000
40.0000,6.5621E+000
41.0000,1.7229E+001
42.0000,-6.7005E+000
43.0000,-6.8774E+000
44.0000,5.9146E+000
45.0000,8.1351E+000
46.0000,1.1935E+001
47.0000,3.3695E+001
48.0000,3.7565E+000
49.0000,9.8722E+000
50.0000,-1.0977E+001
51.0000,-4.0767E+000
52.0000,-4.5034E+001
53.0000,-1.9288E+001
54.0000,-2.1940E+001
55.0000,-2.0019E+001
56.0000,-1.2768E+001
57.0000,-9.5126E-001
58.0000,-7.5323E+000
59.0000,1.0416E+001
60.0000,6.5781E+000
61.0000,-4.3188E-001
62.0000,-1.2067E+001
63.0000,-1.8935E+000
64.0000,1.9511E+000
65.0000,1.0978E+001
66.0000,2.1752E+001
67.0000,1.5700E+001
68.0000,-7.9002E+000
69.0000,-3.6880E+001
70.0000,-2.6762E+001
71.0000,-6.2633E+000
72.0000,-9.9659E+000
73.0000,4.2111E+000
74.0000,-1.3772E+001
75.0000,-9.9190E+000
76.0000,-1.0605E+001
77.0000,-1.2899E+001
78.0000,-9.8670E+000
79.0000,-1.5572E+001
80.0000,-1.7514E+001
81.0000,8.6631E-001
82.0000,-2.3024E+001
83.0000,-2.4604E+001
84.0000,-2.5735E+001
85.0000,-2.1425E+001
86.0000,-2.6860E+001
87.0000,-3.8469E+001
88.0000,-3.2679E+001
89.0000,-3.4975E+001
90.0000,-2.0222E+001
91.0000,-1.2500E+001
92.0000,-1.4187E+001
93.0000,-1.9000E+001
94.0000,-1.4870E+001
95.0000,-1.0276E+001
96.0000,-5.9320E+000
97.0000,-9.1323E+000
98.0000,-4.4943E+000
99.0000,-4.0434E+000
100.0000,1.0342E+001
101.0000,1.4074E+000
102.0000,-1.1688E+001
103.0000,1.5759E+001
104.0000,1.3485E+001
105.0000,7.0589E+001
106.0000,4.5242E+000
107.0000,2.3227E+001
108.0000,-5.2299E-002
109.0000,1.3586E+000
110.0000,3.3005E+000
111.0000,4.6674E+000
112.0000,2.4023E+001
113.0000,1.3080E+001
114.0000,-4.1464E+000
115.0000,-1.0435E+001
116.0000,-1.5527E+001
117.0000,-1.0936E+001
118.0000,-1.3458E+001
119.0000,-7.2219E+000
120.0000,2.8413E+000
121.0000,-4.1734E+000
122.0000,1.6986E+001
123.0000,-9.9657E+000
124.0000,1.1808E+001
125.0000,1.1859E+001
126.0000,2.8874E+000
127.0000,1.7232E+001
128.0000,-2.9839E+000
129.0000,3.2633E+000
130.0000,-1.5991E+000
131.0000,-2.7378E+000
132.0000,-3.3323E+001
133.0000,-3.5348E+001
134.0000,-1.2253E+001
135.0000,-9.6010E+000
136.0000,-1.6561E+001
137.0000,-1.6427E+001
138.0000,-2.9889E+000
139.0000,1.2910E+000
140.0000,-3.1086E+000
141.0000,-2.8189E+000
142.0000,-1.5110E+001
143.0000,-1.5637E+001
144.0000,-8.2463E+000
145.0000,-1.4087E+000
146.0000,-9.6121E+000
147.0000,-9.0319E+000
148.0000,-1.9636E+000
149.0000,-4.2214E+000
150.0000,-2.1443E-001
151.0000,-8.0957E+000
152.0000,-1.0465E+001
153.0000,-4.5332E+000
154.0000,7.4090E+000
155.0000,1.8347E+000
156.0000,-6.5238E-001
157.0000,-6.5536E+000
158.0000,-1.3184E+001
159.0000,-1.1045E+001
160.0000,-1.1641E+001
161.0000,-2.5481E+001
162.0000,-2.3220E+001
163.0000,-2.8677E+001
164.0000,-1.8662E+001
165.0000,-2.5288E+001
166.0000,-1.3428E+001
167.0000,-1.9056E+001
168.0000,-6.8223E+000
169.0000,-2.3143E+001
170.0000,-1.4896E+001
171.0000,-1.5526E+001
172.0000,-2.9398E+001
173.0000,-5.2681E+001
174.0000,-1.5864E+001
175.0000,-1.3028E+001
176.0000,-1.0923E+001
177.0000,-1.2861E+001
178.0000,-1.6056E+001
179.0000,-1.1053E+001
180.0000,-1.6226E+001
181.0000,-2.3528E+001
182.0000,-2.6112E+001
183.0000,-1.8364E+001
184.0000,-9.2188E-001
185.0000,-1.4411E+001
186.0000,-1.7857E+001
187.0000,-4.4069E+000
188.0000,-1.9413E+000
189.0000,1.0391E+000
190.0000,-1.8265E+001
191.0000,-7.8638E+000
192.0000,-6.3985E+000
193.0000,-1.4502E+001
194.0000,-4.8169E+001
195.0000,-2.1800E+001
196.0000,-1.5166E+001
197.0000,-1.3878E+001
198.0000,-1.8004E+001
199.0000,-4.5669E+001
200.0000,3.0590E+000
201.0000,-3.3672E+001
202.0000,-1.8721E+001
203.0000,-1.2003E+001
204.0000,-3.3185E+001
205.0000,-2.4694E+001
206.0000,-2.7152E+001
207.0000,-1.9149E+001
208.0000,-2.2433E+001
209.0000,-2.0388E+001
210.0000,-3.4583E+001
211.0000,-2.4871E+001
212.0000,-2.1623E+001
213.0000,-3.4147E+001
214.0000,-3.4180E+001
215.0000,-2.3665E+001
216.0000,-2.5944E+001
217.0000,-2.1520E+001
218.0000,-2.2796E+001
219.0000,-2.1356E+001
220.0000,-3.4105E+001
221.0000,-1.3386E+001
222.0000,-1.9681E+001
223.0000,-3.9461E+001
224.0000,-2.4579E+001
225.0000,-1.4117E+001
226.0000,-8.0485E+000
227.0000,-1.8387E+001
228.0000,-2.0905E+001
229.0000,-2.6824E+001
230.0000,-1.5819E+001
231.0000,-8.4133E+000
232.0000,-2.2517E+000
233.0000,-1.3151E+001
234.0000,-7.8416E+000
235.0000,-2.9618E+001
236.0000,-2.2005E+001
237.0000,-1.2753E+001
238.0000,-7.3289E+000
239.0000,-2.1509E+001
240.0000,-1.2661E+001
241.0000,-2.0061E+001
242.0000,-2.4648E+001
243.0000,-2.3130E+001
244.0000,-1.2225E+001
245.0000,-7.7399E+000
246.0000,-1.3577E+001
247.0000,-1.8377E+001
248.0000,-3.1533E+001
249.0000,-3.9823E+001
250.0000,-4.2678E+001
251.0000,-1.7048E+001
252.0000,-3.7855E+001
253.0000,-9.2668E+000
254.0000,-2.3993E+000
255.0000,-3.1293E+001
256.0000,-1.9833E+001
257.0000,-2.8550E+001
258.0000,-9.0570E+001
259.0000,-2.9008E+001
260.0000,-3.3409E+001
261.0000,-2.4552E+001
262.0000,-7.8274E+000
263.0000,-1.3923E+000
264.0000,4.7601E+000
265.0000,9.7122E+000
266.0000,8.6030E+000
267.0000,-3.3981E+000
268.0000,-2.5159E+000
269.0000,3.1637E+000
270.0000,8.9988E-001
271.0000,-3.7778E+000
272.0000,-3.6869E+000
273.0000,8.7904E-001
274.0000,-5.4377E+000
275.0000,-6.0303E-001
276.0000,-4.0474E+000
277.0000,-9.2259E+000
278.0000,6.5560E+000
279.0000,8.9409E+000
280.0000,-8.5889E+000
281.0000,-1.3240E+001
282.0000,-3.2014E+001
283.0000,-2.9028E+001
284.0000,-2.4049E+001
285.0000,-1.6792E+001
286.0000,-2.2204E+001
287.0000,-2.8355E+001
288.0000,-3.0834E+001
289.0000,-1.2289E+001
290.0000,-5.9367E+000
291.0000,-6.4682E+000
292.0000,-1.1780E+001
293.0000,-2.2936E+001
294.0000,-2.7866E+000
295.0000,-1.9104E+001
296.0000,-2.8994E+001
297.0000,-1.0453E+001
298.0000,-8.1932E+000
299.0000,-3.3258E+001
300.0000,-2.0837E+001
301.0000,-4.4301E+001
302.0000,-2.7025E+001
303.0000,-2.1076E+001
304.0000,-3.7481E+001
305.0000,-3.4899E+001
306.0000,-4.1337E+001
307.0000,-3.8537E+001
308.0000,-3.1983E+001
309.0000,-2.1275E+001
310.0000,-3.0941E+001
311.0000,-2.0205E+001
312.0000,-5.2100E+001
313.0000,-1.5689E+001
314.0000,4.3168E+000
315.0000,-1.1430E+001
316.0000,-1.1196E+001
317.0000,-3.0818E+001
318.0000,-4.1786E+000
319.0000,5.0915E-001
320.0000,-8.3227E+000
321.0000,-1.9411E+001
322.0000,-6.6130E+001
323.0000,-2.5577E+001
324.0000,-4.5113E+001
325.0000,-2.1665E+001
326.0000,-1.7464E+001
327.0000,-8.9444E+000
328.0000,-7.4966E+000
329.0000,-7.0740E+000
330.0000,-6.6663E+000
331.0000,-1.1056E+000
332.0000,-1.8271E+000
333.0000,-1.3553E+001
334.0000,-4.2981E+000
335.0000,-7.3649E+000
336.0000,3.7566E+000
337.0000,-1.8152E+001
338.0000,-7.5158E+000
339.0000,-6.6161E+000
340.0000,-5.1152E+000
341.0000,1.1544E+001
342.0000,1.5348E+001
343.0000,1.0787E+001
344.0000,6.0095E+001
345.0000,3.0477E+001
346.0000,2.5540E+001
347.0000,-3.1412E+001
348.0000,-4.0547E+001
349.0000,-3.3727E+000
350.0000,-8.8692E+000
351.0000,1.7727E+001
352.0000,-5.5377E+001
353.0000,-2.4217E+001
354.0000,-4.8429E+000
355.0000,-3.3614E+001
356.0000,-2.2722E+001
357.0000,-6.3855E+001
358.0000,-1.3746E+001
359.0000,-1.5646E+001
360.0000,5.4045E+000
361.0000,-1.3917E+001
362.0000,-1.4224E+001
363.0000,2.8786E-001
364.0000,1.9331E+000
365.0000,-3.9529E+000
366.0000,-4.5447E+000
367.0000,1.1389E+000
368.0000,-1.3004E+001
369.0000,-1.1322E+001
370.0000,1.3670E+001
371.0000,1.9733E+001
372.0000,9.7615E+000
373.0000,-1.5675E+001
374.0000,-4.2824E+000
375.0000,-1.8010E+001
376.0000,-1.8614E+001
377.0000,-5.3005E+000
378.0000,-2.3699E+001
379.0000,2.8797E+001
380.0000,-1.1184E+001
381.0000,-4.4195E+000
382.0000,-6.8400E+000
383.0000,-9.9557E+000
384.0000,-5.2497E+000
385.0000,-1.5952E-001
386.0000,1.6525E-001
387.0000,2.0363E+001
388.0000,3.0486E+000
389.0000,2.2229E+001
390.0000,4.0712E+000
391.0000,2.3646E+000
392.0000,2.9877E+001
393.0000,-7.0752E+000
394.0000,-3.8988E+000
395.0000,-7.3452E+000
396.0000,-2.4121E+001
397.0000,6.2890E+000
398.0000,3.1585E+001
399.0000,-1.0038E+001
400.0000,5.8960E+000
401.0000,1.5412E+001
402.0000,-3.0616E+000
403.0000,3.0228E+000
404.0000,7.7249E+000
405.0000,-9.9701E+000
406.0000,-1.5055E+001
407.0000,-1.1906E+001
408.0000,-1.5959E+001
409.0000,1.9440E-001
410.0000,-1.1505E+001
411.0000,-3.1530E+000
412.0000,5.7238E+000
413.0000,-2.6169E+000
414.0000,7.4142E+000
415.0000,2.4185E+000
416.0000,-4.6342E+000
417.0000,7.1384E+000
418.0000,5.4853E+001
419.0000,2.4717E+000
420.0000,-1.3328E+000
421.0000,1.0919E+000
422.0000,1.1330E+001
423.0000,-1.0032E+001
424.0000,-5.6295E+000
425.0000,-5.6320E+000
426.0000,-1.9973E+001
427.0000,1.8904E+001
428.0000,9.5174E-001
429.0000,1.3523E+001
430.0000,3.0645E+000
431.0000,6.6959E+000
432.0000,4.5002E+000
433.0000,-4.3193E+000
434.0000,-1.0878E+001
435.0000,-6.1708E+000
436.0000,3.6071E+000
437.0000,3.9412E+000
438.0000,6.9742E+000
439.0000,8.6340E+000
440.0000,5.7113E+000
441.0000,3.2970E+001
442.0000,2.2213E+001
443.0000,8.1437E+001
444.0000,-1.5511E+001
445.0000,-2.5831E+001
446.0000,-8.9690E+000
447.0000,-2.0264E+001
448.0000,8.0415E-002
449.0000,-2.2569E+000
450.0000,-2.3472E+000
451.0000,-1.4857E+001
452.0000,-3.7305E+000
453.0000,1.5785E+001
454.0000,2.3686E+001
455.0000,3.2154E+000
456.0000,1.5486E+001
457.0000,1.4764E+001
458.0000,1.2489E+000
459.0000,1.9287E+001
460.0000,4.3971E+001
461.0000,-2.4476E-001
462.0000,-2.1976E+001
463.0000,1.1723E+001
464.0000,6.9321E+000
465.0000,-4.8059E+000
466.0000,1.3958E+001
467.0000,2.9710E+000
468.0000,7.6291E+000
469.0000,-3.5273E+000
470.0000,7.9346E+000
471.0000,5.5615E+000
472.0000,-1.0455E+000
473.0000,-9.8140E-002
474.0000,5.5675E+000
475.0000,2.5546E+000
476.0000,4.1487E+000
477.0000,4.6487E+000
478.0000,-1.4197E+001
479.0000,-7.3974E+000
480.0000,2.7472E+000
481.0000,-7.0108E+000
482.0000,-8.7573E+000
483.0000,8.5434E-001
484.0000,-7.1236E+000
485.0000,-1.7334E+000
486.0000,-3.7562E+000
487.0000,1.5243E+000
488.0000,1.3848E+000
489.0000,-7.7393E+000
490.0000,-5.3774E+000
491.0000,-2.1827E+001
492.0000,-4.7470E+000
493.0000,-1.4646E+001
494.0000,-3.2976E-001
495.0000,-1.3326E+001
496.0000,-1.3943E+001
497.0000,-8.0971E+000
498.0000,-3.3811E+000
499.0000,-1.7873E-001
500.0000,-3.8118E+000
501.0000,-3.9196E+000
502.0000,-8.3741E+000
503.0000,-2.3828E+001
504.0000,-4.1048E+000
505.0000,-3.3570E+000
506.0000,-4.1615E+001
507.0000,-2.5652E+001
508.0000,-2.4768E+001
509.0000,-1.1738E+001
510.0000,-4.2527E+000
511.0000,-5.0810E+000
512.0000,-9.3154E+000
513.0000,-6.8955E+000
514.0000,-1.7109E+001
515.0000,-1.4639E+001
516.0000,-3.9726E+000
517.0000,-1.5409E+001
518.0000,-2.0706E+001
519.0000,-2.1115E+001
520.0000,-2.8638E+001
521.0000,-2.4930E+001
522.0000,2.6109E+000
523.0000,-1.0301E+001
524.0000,-1.1680E+001
525.0000,-1.3781E+001
526.0000,-1.1812E+001
527.0000,-1.0101E+001
528.0000,-8.2687E+000
529.0000,-9.7324E+000
530.0000,-2.5136E+001
531.0000,-2.8054E+001
532.0000,-1.1487E+001
533.0000,-1.3035E+001
534.0000,-3.7126E+001
535.0000,-1.5500E+001
536.0000,-2.2656E+001
537.0000,-1.7834E+001
538.0000,-3.3107E+001
539.0000,-2.8996E+001
540.0000,-1.5320E+001
541.0000,-1.3079E+001
542.0000,-3.5081E+001
543.0000,-2.5688E+001
544.0000,-4.9597E+001
545.0000,-3.3142E+001
546.0000,-2.9679E+001
547.0000,-1.7879E+001
548.0000,-2.5768E+001
549.0000,-2.4533E+001
550.0000,-2.0568E+001
551.0000,-2.7944E+001
552.0000,-2.9724E+001
553.0000,-3.2535E+001
554.0000,-2.3543E+001
555.0000,-1.3932E+001
556.0000,-9.8857E+000
557.0000,-1.3282E+001
558.0000,-2.3895E+001
559.0000,-1.8003E+001
560.0000,-2.4546E+001
561.0000,-1.2462E+001
562.0000,-1.4196E+001
563.0000,-8.1872E-001
564.0000,-8.8314E+000
565.0000,-1.3995E+001
566.0000,-1.2184E+001
567.0000,-3.8003E+000
568.0000,-2.3488E+000
569.0000,-1.4731E+001
570.0000,-1.4418E+001
571.0000,-1.2603E+001
572.0000,-2.8939E+001
573.0000,-3.7901E+001
574.0000,-1.5162E+001
575.0000,-4.2343E+001
576.0000,-2.1790E+001
577.0000,-1.7157E+001
578.0000,-3.6212E+001
579.0000,-1.8472E+001
580.0000,-3.2817E+001
581.0000,-1.9749E+001
582.0000,-1.0741E+001
583.0000,-1.9919E+001
584.0000,-2.6181E+001
585.0000,-2.2896E+001
586.0000,-2.5825E+001
587.0000,-3.1877E+001
588.0000,-3.1880E+001
589.0000,-2.9635E+001
590.0000,-1.3182E+001
591.0000,-2.3412E+001
592.0000,-2.5903E+001
593.0000,-2.9544E+001
594.0000,-5.0210E+001
595.0000,-3.0227E+001
596.0000,-1.7942E+001
597.0000,-2.3892E+001
598.0000,-1.8607E+001
599.0000,-2.4234E+001
600.0000,-2.7234E+001
601.0000,-1.5194E+001
602.0000,-9.4264E+000
603.0000,-1.6757E+001
604.0000,-6.8304E+000
605.0000,-1.9595E+001
606.0000,-1.6208E+001
607.0000,-1.5412E+001
608.0000,-7.3635E+000
609.0000,-6.2492E+000
610.0000,-1.0003E+001
611.0000,-7.5055E+000
612.0000,-4.1421E+000
613.0000,-3.1417E+001
614.0000,-2.0142E+001
615.0000,-2.6212E+001
616.0000,-1.9048E+001
617.0000,-2.4884E+001
618.0000,-1.6283E+001
619.0000,-4.7246E+000
620.0000,-2.1319E+000
621.0000,-4.8238E+000
622.0000,-1.3016E+001
623.0000,-1.3250E+001
624.0000,-6.2781E+000
625.0000,-1.8616E-001
626.0000,-9.7014E+000
627.0000,-1.7409E+001
628.0000,-1.7625E+001
629.0000,-1.7657E+001
630.0000,-1.5757E+001
631.0000,-1.7182E+001
632.0000,-7.6425E+000
633.0000,-5.2086E+000
634.0000,-1.7441E+001
635.0000,-6.5993E-001
636.0000,-5.1921E+000
637.0000,-4.8786E+000
638.0000,-3.0337E+000
639.0000,-2.7225E+001
640.0000,3.6908E+001
641.0000,-3.5903E+001
642.0000,-2.7433E+001
643.0000,-2.3843E+001
644.0000,-4.1498E+001
645.0000,-3.3112E+001
646.0000,-2.3855E+001
647.0000,-2.3376E+001
648.0000,-2.1297E+001
649.0000,-1.3468E+001
650.0000,-2.0020E+001
651.0000,-2.2128E+001
652.0000,-2.5124E+001
653.0000,-1.5854E+001
654.0000,-1.0663E+001
655.0000,2.6183E+001
656.0000,2.1145E+000
657.0000,-8.9248E+000
658.0000,-2.2112E+001
659.0000,-7.3004E+000
660.0000,-2.8059E+000
661.0000,-1.4157E+001
662.0000,-6.9167E+000
663.0000,8.3933E-001
664.0000,8.3310E+000
665.0000,2.0710E+001
666.0000,-3.1536E+001
667.0000,-2.0049E+001
668.0000,2.3926E+001
669.0000,-9.2857E+000
670.0000,-1.3515E+001
671.0000,-3.6455E+001
672.0000,-2.4827E+001
673.0000,-1.5422E+001
674.0000,-3.6176E+001
675.0000,-1.4333E+001
676.0000,-2.5056E+001
677.0000,-8.4812E+000
678.0000,-1.6765E+001
679.0000,-1.0857E+001
680.0000,-2.5652E+001
681.0000,-2.0838E+001
682.0000,-2.3643E+001
683.0000,-1.4180E+001
684.0000,-1.3761E+001
685.0000,-6.4098E+000
686.0000,-8.2272E-001
687.0000,-1.0765E+001
688.0000,-9.2061E+000
689.0000,-1.8948E+001
690.0000,-2.3476E+000
691.0000,-2.4616E+001
692.0000,-2.2945E+001
693.0000,-2.4646E+001
694.0000,-1.3903E+001
695.0000,-3.9584E+001
696.0000,-1.6129E+001
697.0000,-4.1884E+000
698.0000,3.3541E+000
699.0000,1.5995E+000
700.0000,-1.9607E+001
701.0000,-1.4741E+001
702.0000,-7.7189E+000
703.0000,-1.7285E+001
704.0000,-3.3498E+000
705.0000,3.6809E+000
706.0000,-4.1291E+001
707.0000,-5.4517E+000
708.0000,-4.9346E+001
709.0000,-4.0315E+001
710.0000,-2.5543E+001
711.0000,-1.3457E+001
712.0000,1.6337E+001
713.0000,-1.0022E+001
714.0000,-2.8771E+000
715.0000,5.2379E+001
716.0000,2.4415E+001
717.0000,-1.2467E+001
718.0000,-2.1081E+000
719.0000,1.1311E+001
720.0000,2.9307E+001
721.0000,2.2665E+001
722.0000,-1.4843E+001
723.0000,-9.0979E+000
724.0000,-1.0568E+001
725.0000,-6.1935E+000
726.0000,-2.3092E+001
727.0000,-2.4956E+001
728.0000,1.8272E+001
729.0000,4.3376E+001
730.0000,6.0987E+001
